z,zerr,zwarning,class,subclass,subclass,"survey,",type,objid,specobjid,ra,dec
0.5379699,0.0001711468,0,GALAXY,,sdss,3,1237655499736154698,382956909684090880,198.98194,-1.7545365
0.4058664,6.477159e-05,0,QSO,BROADLINE,sdss,6,1237655495440793611,382957184561997824,199.04076,-1.9010984
0.120826,1.02896e-05,0,GALAXY,STARFORMING,sdss,3,1237650762398826607,382957459439904768,198.88858,-1.8089391
0.1403358,3.029649e-05,0,GALAXY,,sdss,3,1237655495977599096,382957734317811712,198.88278,-1.5700078
0.4882576,0.0001248516,0,GALAXY,,sdss,3,1237655499736154685,382958009195718656,198.97587,-1.7967205
0.1311051,2.108423e-05,0,GALAXY,,sdss,3,1237655495977599150,382958284073625600,198.9691,-1.5713743
0.7635407,0.0005634578,0,QSO,BROADLINE,sdss,6,1237655499736154396,382959383585253376,198.9723,-1.6811158
0.1200564,1.974702e-05,0,GALAXY,,sdss,3,1237655495977533592,382959658463160320,198.82784,-1.568912
0.1840667,1.972709e-05,0,GALAXY,,sdss,3,1237650762398826617,382959933341067264,198.9045,-1.8770828
0.1804788,9.64889e-06,0,GALAXY,STARFORMING,sdss,3,1237655500272894063,382960208218974208,198.69453,-1.3697248
0.0860414,1.590159e-05,0,GALAXY,,sdss,3,1237648702973214840,382960483096881152,198.77791,-1.2509803
0.09524147,4.862567e-06,0,GALAXY,STARBURST,sdss,3,1237655495977599093,382960757974788096,198.88077,-1.5249211
0.0852125,1.886297e-05,0,GALAXY,,sdss,3,1237655500272959646,382961307730601984,198.86213,-1.3074078
1.158989,0.0003570154,0,QSO,BROADLINE,sdss,6,1237655500272894139,382961582608508928,198.78031,-1.2902461
0.1191604,2.068811e-05,0,GALAXY,,sdss,3,1237648702973214833,382961857486415872,198.77037,-1.2298938
0.08562587,1.137335e-05,0,GALAXY,STARFORMING,sdss,3,1237655500272959828,382962132364322816,198.86783,-1.2883058
0.08536031,2.438833e-05,0,GALAXY,,sdss,3,1237648702973214838,382962407242229760,198.77721,-1.2151759
0.1033962,5.743952e-06,0,GALAXY,STARBURST,sdss,3,1237655500272894086,382962682120136704,198.73281,-1.3086334
0.1756857,2.891655e-05,0,GALAXY,,sdss,3,1237655495977468044,382963231875950592,198.60762,-1.4869829
0.1801166,2.903624e-05,0,GALAXY,,sdss,3,1237655495977467987,382963506753857536,198.58211,-1.4572208
0.0853477,1.946124e-05,0,GALAXY,,sdss,3,1237655500272959515,382963781631764480,198.83402,-1.2960626
0.1783859,2.06942e-05,0,GALAXY,AGN,sdss,3,1237655495977533640,382964331387578368,198.77685,-1.442467
0.173025,3.604632e-05,0,GALAXY,,sdss,3,1237655495977468023,382964606265485312,198.60245,-1.4648451
0.1196625,2.289425e-05,0,GALAXY,,sdss,3,1237655495977533544,382964881143392256,198.77884,-1.3852541
0.08194298,1.37627e-05,0,GALAXY,AGN,sdss,3,1237655495977599124,382965430899206144,198.93503,-1.4354463
0.07726428,2.056296e-05,0,GALAXY,,sdss,3,1237655499736285457,382965980655020032,199.30483,-1.641131
0.1797194,3.164785e-05,0,GALAXY,,sdss,3,1237655495440859230,382966255532926976,199.19063,-1.9137293
0.09598607,1.264393e-05,0,GALAXY,STARFORMING,sdss,3,1237655495440859350,382966805288740864,199.22726,-1.8320924
0.1176041,7.483405e-06,0,GALAXY,STARFORMING,sdss,3,1237655499736219913,382967080166647808,199.17551,-1.6572405
0.04749695,1.216696e-05,0,GALAXY,,sdss,3,1237655495977599048,382967355044554752,199.00941,-1.5564962
0.138567,3.185695e-05,0,GALAXY,,sdss,3,1237655495440859239,382967629922461696,199.19143,-1.957863
0.0817216,1.138131e-05,0,GALAXY,STARFORMING,sdss,3,1237655495440859266,382968179678275584,199.20443,-1.9329933
0.04763432,1.334579e-05,0,GALAXY,STARFORMING,sdss,3,1237655495440859379,382968729434089472,199.26416,-1.9181693
0.1433616,2.688094e-05,0,GALAXY,,sdss,3,1237655495440793890,382969004311996416,199.16739,-1.9175176
0.1139695,5.373441e-05,0,QSO,BROADLINE,sdss,3,1237655499199348942,382969554067810304,199.10233,-2.0903988
0.08205524,1.742623e-05,0,GALAXY,,sdss,3,1237655495977730188,382969828945717248,199.28141,-1.5696549
0.1429792,2.92992e-05,0,GALAXY,,sdss,3,1237655495440793824,382970103823624192,199.10518,-1.9221243
0.2139058,3.500977e-05,0,GALAXY,,sdss,3,1237655499199348962,382970653579438080,199.10904,-2.0606766
0.1416768,3.655909e-05,0,GALAXY,,sdss,3,1237655495440793916,382970928457345024,199.0836,-1.9488468
0.1398763,3.487863e-05,0,GALAXY,,sdss,3,1237648702973280507,382971203335251968,199.03163,-1.2243703
0.1406608,2.931691e-05,0,GALAXY,,sdss,3,1237648702973345867,382971753091065856,199.03962,-1.2463019
0.08584301,9.69836e-06,0,GALAXY,STARFORMING,sdss,3,1237655495977795696,382972027968972800,199.34741,-1.4468194
0.1583311,1.645865e-05,0,GALAXY,BROADLINE,sdss,3,1237648702973280480,382972302846879744,199.0205,-1.1893086
0.09744804,9.737395e-06,0,GALAXY,STARFORMING,sdss,3,1237655500273025213,382972577724786688,199.0535,-1.2981197
0.2704915,5.869624e-05,0,GALAXY,,sdss,3,1237655495977730256,382972852602693632,199.27347,-1.4330852
0.2888875,5.535703e-05,0,GALAXY,,sdss,3,1237655495977664782,382973402358507520,199.16731,-1.4326097
0.1180551,2.877643e-05,0,GALAXY,,sdss,3,1237655500273090578,382974226992228352,199.13322,-1.3613732
0.1399256,1.542996e-05,0,GALAXY,STARFORMING,sdss,3,1237655500273025152,382974501870135296,198.98992,-1.3459248
0.415038,0.0001632456,0,GALAXY,,sdss,3,1237655495977664586,382974776748042240,199.14259,-1.504002
0.211846,5.073861e-05,0,GALAXY,,sdss,3,1237655495977730155,382975051625949184,199.23402,-1.4950419
0.03188721,9.879212e-06,0,GALAXY,,sdss,3,1237655495977664648,382975326503856128,199.05858,-1.4881275
0.08131751,3.228553e-05,0,GALAXY,,sdss,3,1237655495977795771,382975601381763072,199.44992,-1.5745158
0.08088495,2.463235e-05,0,GALAXY,,sdss,3,1237655495977730209,382976151137576960,199.29776,-1.402914
0.1446139,3.143991e-05,0,GALAXY,,sdss,3,1237655499736285339,382976700893390848,199.35183,-1.7142656
0.107283,8.829083e-06,0,GALAXY,STARFORMING,sdss,3,1237655495440859436,382976975771297792,199.33131,-1.965491
0.1142087,1.83961e-05,0,GALAXY,,sdss,3,1237655499199480005,382977250649204736,199.4986,-2.1732512
0.1066645,8.198535e-06,0,GALAXY,STARFORMING,sdss,3,1237655495440924795,382977525527111680,199.34647,-1.9552002
0.1192948,2.152209e-05,0,GALAXY,,sdss,3,1237655499199479918,382977800405018624,199.40072,-2.0824796
0.1131185,1.003992e-05,0,GALAXY,,sdss,3,1237655499199479994,382978350160832512,199.48422,-2.1419219
0.04721083,1.601163e-05,0,GALAXY,,sdss,3,1237655495440924944,382978899916646400,199.46229,-1.8632572
0.2141085,3.312593e-05,0,GALAXY,,sdss,3,1237655499199479921,382979174794553344,199.40814,-2.1722692
0.1126699,1.316985e-05,0,GALAXY,,sdss,3,1237655495977730221,382979449672460288,199.31429,-1.5066692
0.08358582,2.531605e-05,0,GALAXY,,sdss,3,1237655499736285480,382979724550367232,199.34844,-1.6129624
0.1832899,3.620391e-05,0,GALAXY,STARFORMING,sdss,3,1237655499736350936,382979999428274176,199.4193,-1.7718002
0.119348,2.729785e-05,0,GALAXY,,sdss,3,1237655499736350890,382980274306181120,199.39906,-1.6869105
0.04781422,9.698467e-06,0,GALAXY,STARFORMING,sdss,3,1237655499736285638,382980549184088064,199.36004,-1.7685907
0.080442,1.181639e-05,0,GALAXY,STARFORMING,sdss,3,1237655499199480100,382980824061995008,199.43626,-2.0524126
0.139296,3.051986e-05,0,GALAXY,,sdss,3,1237655495977795693,382981098939901952,199.34541,-1.5489067
0.1169696,4.776449e-05,0,GALAXY,,sdss,3,1237655495440924806,382981373817808896,199.35744,-1.8003457
0.09551944,6.513487e-06,0,GALAXY,STARBURST,sdss,3,1237655495977795723,382981648695715840,199.36974,-1.5639243
0.08331791,1.998991e-05,0,GALAXY,,sdss,3,1237655497589588171,383932171464763392,201.16558,-3.3538712
0.07577062,2.092978e-05,0,GALAXY,,sdss,3,1237650760789131389,383932721220577280,200.97501,-3.1906064
0.2368414,5.338671e-05,0,GALAXY,,sdss,3,1237655497589588320,383933270976391168,201.19731,-3.3486412
0.1157486,3.072873e-05,0,GALAXY,,sdss,3,1237655497589588136,383933545854298112,201.13338,-3.4084876
0.09757565,1.861824e-05,0,GALAXY,,sdss,3,1237655497589522731,383933820732205056,201.01833,-3.3727041
0.2506253,2.472133e-05,0,GALAXY,STARFORMING,sdss,3,1237655497589588371,383934095610112000,201.07994,-3.3547294
0.2409365,4.876972e-05,0,GALAXY,,sdss,3,1237655497589522863,383934370488018944,201.04282,-3.3072838
0.07866672,1.159403e-05,0,GALAXY,STARFORMING,sdss,3,1237655497589588083,383934645365925888,201.06298,-3.4166166
0.05248208,7.836336e-06,0,GALAXY,STARFORMING,sdss,3,1237655497589588182,383934920243832832,201.18127,-3.3790116
0.2334012,4.613424e-05,0,GALAXY,,sdss,3,1237655497589588217,383935469999646720,201.05497,-3.2976468
0.07867867,7.243658e-06,0,GALAXY,STARFORMING,sdss,3,1237655497589522630,383935744877553664,200.94403,-3.2945559
0.07793802,8.111982e-06,0,GALAXY,STARFORMING,sdss,3,1237655497589588104,383936019755460608,201.09273,-3.3267024
0.07609046,1.718457e-05,0,GALAXY,STARFORMING,sdss,3,1237655497589653708,383936294633367552,201.24054,-3.2680101
0.1364121,9.428927e-06,0,GALAXY,STARFORMING,sdss,3,1237650760789131493,383936569511274496,200.98548,-3.2375922
0.1160849,1.522356e-05,0,GALAXY,,sdss,3,1237655497589588140,383936844389181440,201.13695,-3.4415114
0.09859861,1.99103e-05,0,GALAXY,,sdss,3,1237655497589522695,383937119267088384,200.98898,-3.2804917
0.4681683,0.0001907267,0,GALAXY,,sdss,3,1237655494367969678,383937669022902272,201.1526,-2.8068401
0.4236372,0.0001078656,0,GALAXY,,sdss,3,1237655494367969827,383937943900809216,201.20416,-2.7520051
0.112097,8.614963e-06,0,GALAXY,STARFORMING,sdss,3,1237655498126524540,383938493656623104,201.2155,-2.9603751
0.10998,2.226577e-05,0,GALAXY,,sdss,3,1237650760789196924,383939043412436992,201.16424,-3.0481716
0.4780009,0.0001524965,0,GALAXY,,sdss,3,1237655498126524440,383939318290343936,201.23447,-2.8225247
0.1106893,1.075457e-05,0,GALAXY,STARFORMING,sdss,3,1237655498126459090,383939593168250880,201.12804,-2.9611923
0.08751584,7.322389e-06,0,GALAXY,STARFORMING,sdss,3,1237655498126459121,383939868046157824,201.16004,-2.9955788
0.1095149,3.287247e-05,0,GALAXY,,sdss,3,1237655498126459180,383940142924064768,201.18087,-2.9401438
0.3565543,6.61194e-05,0,GALAXY,,sdss,3,1237655498663330003,383940417801971712,201.13034,-2.5745852
0.08726777,1.352957e-05,0,GALAXY,STARFORMING,sdss,3,1237655498126524565,383940692679878656,201.23433,-3.0170937
0.1115463,2.088721e-05,0,GALAXY,,sdss,3,1237655498126459155,383941242435692544,201.18034,-2.9958789
0.02071481,2.183872e-05,0,GALAXY,STARFORMING,sdss,3,1237655498126459105,383941517313599488,201.13994,-2.9267839
0.1528283,2.685345e-05,0,GALAXY,,sdss,3,1237655498126459062,383941792191506432,201.09572,-2.8763356
0.02129981,8.550634e-06,0,GALAXY,STARFORMING,sdss,3,1237650760789196805,383942341947320320,201.10905,-3.0853611
